# 5mb -> 1920x1080
# only change the cx and cy
camera_matrix: [1144, 0.0, 250, 
                0.0, 1144, 350,
                0.0, 0.0, 1.0]
dist_coeff: [0.0, 0.0, 0.0, 0.0, 0.0]