camera_matrix: [1287.15, 0.0, 250.0, 
                0.0, 962.38, 330.0,
                0.0, 0.0, 1.0]
dist_coeff: [0.0, 0.0, 0.0, 0.0, 0.0]